1 1
1 2
1 3
1 4
1 5
1 6
1 7
2 7
3 7
3 8
3 9
4 9
5 9
5 8
5 7
6 7
7 7
8 7
9 7
9 8
9 9
9 10
9 11
10 11
11 11
11 10
11 9
11 8
11 7
12 7
13 7
14 7
15 7
16 7
17 7
17 6
17 5
18 5
19 5
19 6
19 7
20 7
21 7
22 7
23 7
23 8
23 9
23 10
23 11
23 12
23 13
23 14
23 15
23 16
23 17
22 17
21 17
21 18
21 19
21 20
21 21
21 22
21 23
21 24
21 25
21 26
21 27
20 27
19 27
18 27
17 27
17 26
17 25
16 25
15 25
14 25
13 25
13 26
13 27
14 27
15 27
15 28
15 29
15 30
15 31
16 31
17 31
18 31
19 31
20 31
21 31
21 32
21 33
21 34
21 35
20 35
19 35
18 35
17 35
17 36
17 37
17 38
17 39
17 40
17 41
18 41
19 41
19 42
19 43
19 44
19 45
18 45
17 45
17 46
17 47
16 47
15 47
15 48
15 49
14 49
13 49
12 49
11 49
11 48
11 47
11 46
11 45
10 45
9 45
8 45
7 45
6 45
5 45
4 45
3 45
3 46
3 47
3 48
3 49
2 49
1 49
